## htsjdk.samtools.metrics.StringHeader
# MarkDuplicates INPUT=[/scratch/eknodel/SCC_samples/cell_lines/RNAseq/sorted_bam/244-1-chu-02-B7-6-3-21_262_315_S21_L003_RNA_HISAT2_genome_aligned_sortedbycoord.bam] OUTPUT=/scratch/eknodel/SCC_samples/cell_lines/RNAseq/sorted_bam/244-1-chu-02-B7-6-3-21_262_315_S21_L003_RNA_HISAT2_genome_aligned_sortedbycoord_mkdup.bam METRICS_FILE=244-1-chu-02-B7-6-3-21_262_315_S21_L003.picard_mkdup_metrics.txt    MAX_SEQUENCES_FOR_DISK_READ_ENDS_MAP=50000 MAX_FILE_HANDLES_FOR_READ_ENDS_MAP=8000 SORTING_COLLECTION_SIZE_RATIO=0.25 TAG_DUPLICATE_SET_MEMBERS=false REMOVE_SEQUENCING_DUPLICATES=false TAGGING_POLICY=DontTag CLEAR_DT=true DUPLEX_UMI=false ADD_PG_TAG_TO_READS=true REMOVE_DUPLICATES=false ASSUME_SORTED=false DUPLICATE_SCORING_STRATEGY=SUM_OF_BASE_QUALITIES PROGRAM_RECORD_ID=MarkDuplicates PROGRAM_GROUP_NAME=MarkDuplicates READ_NAME_REGEX=<optimized capture of last three ':' separated fields as numeric values> OPTICAL_DUPLICATE_PIXEL_DISTANCE=100 MAX_OPTICAL_DUPLICATE_SET_SIZE=300000 VERBOSITY=INFO QUIET=false VALIDATION_STRINGENCY=STRICT COMPRESSION_LEVEL=5 MAX_RECORDS_IN_RAM=500000 CREATE_INDEX=false CREATE_MD5_FILE=false GA4GH_CLIENT_SECRETS=client_secrets.json USE_JDK_DEFLATER=false USE_JDK_INFLATER=false
## htsjdk.samtools.metrics.StringHeader
# Started on: Thu Sep 22 15:38:52 MST 2022

## METRICS CLASS	picard.sam.DuplicationMetrics
LIBRARY	UNPAIRED_READS_EXAMINED	READ_PAIRS_EXAMINED	SECONDARY_OR_SUPPLEMENTARY_RDS	UNMAPPED_READS	UNPAIRED_READ_DUPLICATES	READ_PAIR_DUPLICATES	READ_PAIR_OPTICAL_DUPLICATES	PERCENT_DUPLICATION	ESTIMATED_LIBRARY_SIZE
Unknown Library	409264	16219875	4552852	0	286456	3206100	165493	0.203923	36843553

## HISTOGRAM	java.lang.Double
BIN	CoverageMult	all_sets	optical_sets	non_optical_sets
1.0	1.008207	10930480	0	11038292
2.0	1.657375	1582393	158633	1509835
3.0	2.075364	313571	3222	288452
4.0	2.3445	88865	105	82464
5.0	2.517793	36114	12	34208
6.0	2.629374	18815	5	18243
7.0	2.701219	11377	1	10935
8.0	2.747478	7417	2	7234
9.0	2.777264	5055	1	4896
10.0	2.796443	3649	0	3536
11.0	2.808792	2778	0	2739
12.0	2.816743	2051	0	2001
13.0	2.821863	1647	0	1583
14.0	2.825159	1351	0	1328
15.0	2.827282	1031	0	1001
16.0	2.828649	864	0	858
17.0	2.829528	779	0	750
18.0	2.830095	565	0	567
19.0	2.83046	520	0	513
20.0	2.830695	488	0	486
21.0	2.830846	415	0	377
22.0	2.830943	296	0	292
23.0	2.831006	304	0	308
24.0	2.831047	227	0	216
25.0	2.831073	193	0	199
26.0	2.831089	216	0	214
27.0	2.8311	193	0	178
28.0	2.831107	156	0	148
29.0	2.831111	139	0	142
30.0	2.831114	127	0	116
31.0	2.831116	120	0	121
32.0	2.831117	111	0	110
33.0	2.831118	96	0	85
34.0	2.831119	86	0	84
35.0	2.831119	69	0	74
36.0	2.831119	75	0	76
37.0	2.831119	77	0	80
38.0	2.831119	64	0	51
39.0	2.831119	58	0	64
40.0	2.831119	51	0	55
41.0	2.83112	54	0	45
42.0	2.83112	49	0	44
43.0	2.83112	40	0	42
44.0	2.83112	35	0	36
45.0	2.83112	34	0	38
46.0	2.83112	34	0	31
47.0	2.83112	34	0	31
48.0	2.83112	33	0	29
49.0	2.83112	27	0	29
50.0	2.83112	26	0	23
51.0	2.83112	22	0	26
52.0	2.83112	24	0	18
53.0	2.83112	18	0	17
54.0	2.83112	16	0	21
55.0	2.83112	20	0	21
56.0	2.83112	21	0	17
57.0	2.83112	18	0	18
58.0	2.83112	13	0	13
59.0	2.83112	13	0	13
60.0	2.83112	13	0	18
61.0	2.83112	14	0	10
62.0	2.83112	14	0	9
63.0	2.83112	13	0	13
64.0	2.83112	14	0	16
65.0	2.83112	10	0	9
66.0	2.83112	11	0	14
67.0	2.83112	11	0	8
68.0	2.83112	4	0	5
69.0	2.83112	12	0	14
70.0	2.83112	14	0	9
71.0	2.83112	9	0	8
72.0	2.83112	3	0	4
73.0	2.83112	7	0	7
74.0	2.83112	6	0	6
75.0	2.83112	3	0	5
76.0	2.83112	6	0	4
77.0	2.83112	7	0	9
78.0	2.83112	6	0	6
79.0	2.83112	6	0	4
80.0	2.83112	3	0	1
81.0	2.83112	7	0	7
82.0	2.83112	4	0	4
83.0	2.83112	3	0	6
84.0	2.83112	2	0	2
85.0	2.83112	5	0	2
86.0	2.83112	5	0	4
87.0	2.83112	3	0	4
88.0	2.83112	3	0	6
89.0	2.83112	5	0	2
90.0	2.83112	2	0	1
91.0	2.83112	1	0	3
92.0	2.83112	0	0	3
93.0	2.83112	4	0	3
94.0	2.83112	5	0	6
95.0	2.83112	6	0	2
96.0	2.83112	2	0	0
97.0	2.83112	1	0	6
98.0	2.83112	6	0	4
99.0	2.83112	3	0	2
100.0	2.83112	3	0	1
101.0	0	1	0	1
103.0	0	0	0	1
104.0	0	1	0	3
105.0	0	1	0	4
106.0	0	4	0	1
107.0	0	4	0	1
108.0	0	1	0	3
109.0	0	1	0	3
110.0	0	2	0	2
111.0	0	4	0	4
112.0	0	3	0	0
113.0	0	1	0	2
114.0	0	2	0	1
115.0	0	0	0	1
116.0	0	3	0	3
117.0	0	1	0	1
119.0	0	1	0	2
120.0	0	2	0	1
122.0	0	1	0	2
123.0	0	2	0	1
125.0	0	4	0	5
126.0	0	3	0	1
127.0	0	1	0	1
128.0	0	1	0	0
130.0	0	0	0	1
131.0	0	1	0	0
132.0	0	0	0	1
133.0	0	1	0	0
134.0	0	1	0	2
135.0	0	1	0	0
136.0	0	0	0	2
137.0	0	3	0	2
138.0	0	1	0	1
139.0	0	2	0	2
140.0	0	1	0	0
142.0	0	1	0	4
143.0	0	0	0	1
144.0	0	4	0	1
146.0	0	1	0	1
147.0	0	0	0	1
148.0	0	2	0	2
149.0	0	1	0	1
152.0	0	1	0	0
153.0	0	1	0	0
155.0	0	0	0	1
157.0	0	0	0	1
158.0	0	1	0	0
160.0	0	1	0	0
164.0	0	0	0	1
165.0	0	1	0	0
171.0	0	0	0	1
172.0	0	1	0	0
173.0	0	0	0	1
175.0	0	0	0	1
176.0	0	1	0	1
177.0	0	1	0	0
179.0	0	1	0	0
182.0	0	0	0	1
183.0	0	0	0	1
185.0	0	1	0	0
187.0	0	1	0	0
188.0	0	1	0	1
189.0	0	0	0	1
190.0	0	0	0	1
191.0	0	1	0	1
193.0	0	2	0	1
194.0	0	0	0	1
196.0	0	1	0	1
197.0	0	2	0	1
200.0	0	1	0	0
204.0	0	0	0	1
207.0	0	2	0	1
212.0	0	0	0	1
213.0	0	1	0	1
214.0	0	1	0	0
216.0	0	0	0	1
217.0	0	1	0	0
223.0	0	1	0	1
233.0	0	0	0	1
238.0	0	1	0	0
242.0	0	1	0	1
255.0	0	0	0	1
256.0	0	2	0	1
257.0	0	1	0	1
261.0	0	1	0	1
263.0	0	1	0	1
281.0	0	0	0	1
282.0	0	0	0	1
283.0	0	2	0	0
325.0	0	0	0	1
332.0	0	1	0	0
337.0	0	0	0	1
342.0	0	1	0	0
388.0	0	0	0	1
395.0	0	1	0	0
423.0	0	0	0	1
424.0	0	1	0	0
464.0	0	0	0	1
472.0	0	1	0	0
540.0	0	1	0	1
833.0	0	1	0	1

